1000
42 30
30 27
23 25
58 42
53 17
24 31
33 31
74 23
40 21
47 58
38 17
57 41
28 25
34 45
12 21
63 30
8 23
31 40
28 41
45 17
70 20
53 24
45 22
46 17
47 32
11 27
42 58
28 43
12 31
16 20
27 28
41 38
51 16
29 23
30 24
33 52
24 25
14 18
12 32
61 31
41 54
49 46
68 32
13 26
31 31
16 29
1 3
43 40
73 20
28 29
49 45
39 22
34 25
12 27
38 25
19 28
54 17
49 52
3 11
47 51
22 40
35 44
30 19
69 28
49 17
61 22
72 16
44 43
49 40
57 38
48 56
45 25
42 24
38 17
46 47
29 33
40 27
3 14
32 44
13 26
25 27
76 20
62 23
18 37
73 16
21 33
37 45
45 26
17 20
20 38
31 40
33 50
27 27
46 22
62 33
75 23
52 41
44 61
13 17
73 28
24 36
51 23
41 41
63 38
36 45
24 28
9 16
6 13
32 44
10 23
72 27
40 37
38 22
13 36
1 7
70 21
50 26
43 43
22 24
61 25
21 28
12 20
68 35
43 49
42 63
22 37
15 18
46 27
58 34
74 11
52 30
22 38
57 21
19 23
77 17
25 22
53 24
21 22
6 20
49 26
31 39
74 24
82 1
52 19
2 3
55 39
61 31
29 30
9 22
31 19
40 22
47 18
50 45
7 21
58 19
38 50
57 36
33 28
42 36
48 42
60 33
37 35
72 19
38 40
10 15
29 34
49 49
63 26
77 20
42 40
10 29
71 34
47 51
71 16
52 44
39 17
59 27
38 43
42 60
27 24
39 33
2 8
29 24
45 61
30 29
33 34
11 33
34 42
68 21
55 35
49 22
68 26
44 34
53 21
36 26
32 30
53 49
51 34
16 32
54 42
41 39
42 66
40 68
55 26
61 33
11 14
22 36
43 48
53 36
33 18
35 35
10 24
33 18
40 43
69 33
69 33
12 28
52 48
26 19
44 45
45 48
18 34
31 39
13 28
52 32
16 19
36 53
19 39
38 27
5 15
31 21
20 31
83 1
36 38
81 3
82 2
34 32
44 61
62 26
37 45
12 26
41 26
74 14
5 18
42 17
65 28
49 44
20 39
52 14
51 31
66 23
28 48
33 35
41 23
48 20
44 54
65 25
61 21
10 24
54 29
76 14
14 17
47 33
36 34
59 33
51 23
9 12
61 23
28 35
25 25
4 15
50 43
18 23
43 46
79 10
55 30
47 51
64 33
55 47
37 45
30 39
52 26
15 30
35 33
34 41
49 24
17 24
78 6
15 31
70 33
22 37
30 19
78 6
54 43
43 65
67 33
27 31
51 35
44 25
8 14
29 43
30 14
33 45
67 35
63 39
69 36
69 19
67 27
49 21
29 38
42 58
34 56
38 63
62 38
67 29
11 27
73 14
43 20
36 18
15 19
24 42
40 45
46 38
19 35
23 30
78 15
75 14
49 42
33 44
9 21
67 28
10 30
19 20
54 27
38 43
62 33
48 30
21 28
63 27
26 36
27 40
44 58
50 33
42 20
37 19
55 33
41 43
45 42
35 53
49 54
14 23
41 17
7 11
60 31
25 42
20 39
9 12
35 17
82 6
71 28
10 27
66 20
26 21
31 20
50 27
6 17
23 35
70 26
60 40
54 42
58 34
52 46
38 42
75 22
68 36
76 19
70 26
13 34
41 62
51 29
13 29
15 34
40 63
60 20
52 41
14 30
44 61
46 58
15 23
34 44
61 26
36 24
3 7
62 28
56 26
68 23
14 17
41 41
70 26
24 23
17 26
30 40
28 49
67 23
64 33
13 29
55 35
34 52
47 29
50 34
16 22
13 28
36 33
74 17
33 52
12 29
7 16
59 30
35 44
50 37
52 17
71 22
47 48
35 46
51 18
57 29
51 45
59 42
50 30
40 60
50 55
46 46
76 9
52 45
52 41
64 35
5 8
60 19
49 34
46 47
27 40
42 37
32 46
4 6
6 11
38 61
75 26
34 19
46 50
42 21
15 26
65 35
43 31
40 54
26 43
30 36
22 33
43 38
22 35
78 15
71 31
34 47
23 21
48 44
15 20
41 65
6 9
7 20
43 28
30 40
33 44
60 38
46 26
75 14
51 48
44 30
3 8
74 29
77 10
16 22
48 27
65 35
48 43
5 18
47 60
49 20
44 45
79 9
10 32
3 10
15 26
55 37
46 40
54 20
65 37
48 44
9 23
54 26
26 39
1 1
77 9
19 30
65 25
27 21
76 18
9 15
67 26
26 40
65 25
46 28
31 21
38 43
31 46
73 30
52 26
47 23
52 16
40 19
56 19
22 24
62 24
67 33
73 23
48 19
55 19
73 22
21 40
38 32
39 42
19 39
46 46
56 48
11 32
35 42
25 37
5 12
50 55
46 26
58 29
75 14
15 17
42 33
50 36
22 37
49 27
74 22
65 23
28 37
39 27
24 27
37 28
43 58
53 44
69 27
34 25
28 39
47 43
33 31
72 14
23 32
24 37
45 64
30 16
3 12
51 38
29 44
51 19
59 28
46 43
35 48
32 38
61 31
67 26
52 37
49 21
38 48
69 20
44 38
54 37
23 27
45 64
53 14
33 17
3 6
22 39
37 58
52 43
34 56
27 36
41 22
46 24
32 20
75 17
60 21
29 43
78 16
35 41
28 33
43 25
63 33
46 22
31 36
55 38
56 22
8 23
39 37
26 45
25 35
71 33
34 21
54 47
34 22
32 39
39 31
40 63
14 25
49 26
43 16
25 29
41 67
36 20
35 25
66 22
11 33
31 19
55 19
43 58
31 45
46 34
26 43
57 33
44 23
66 23
63 27
66 30
40 40
38 61
73 26
21 22
35 34
81 3
81 7
75 14
10 32
80 4
55 39
4 12
33 44
38 57
41 67
32 19
69 25
63 21
24 22
63 21
57 28
16 38
36 42
50 35
55 22
13 17
31 45
36 37
78 11
42 41
3 13
40 54
24 35
73 31
36 49
29 34
77 9
44 17
41 51
42 43
10 19
34 24
50 51
18 21
45 32
26 30
17 35
31 25
45 33
12 32
57 33
66 29
80 7
26 22
22 21
37 44
76 12
14 29
39 39
36 19
46 22
56 22
67 34
39 47
38 29
48 20
41 57
59 22
11 20
50 42
17 29
38 63
57 26
45 26
57 39
46 27
60 40
48 21
34 24
32 18
30 17
40 22
56 35
23 34
73 29
26 37
40 36
32 44
50 43
63 27
27 22
16 30
37 27
24 43
36 47
74 17
61 28
53 33
36 50
20 35
47 57
48 46
15 20
40 21
41 21
30 36
75 22
6 8
18 35
61 36
39 61
67 26
46 21
34 27
50 40
16 37
62 25
36 44
4 10
14 18
42 30
30 48
31 19
24 38
69 21
29 33
43 54
43 42
41 61
9 27
44 53
45 42
62 32
6 21
63 35
59 32
57 21
53 30
39 46
6 20
1 3
43 65
75 19
54 26
44 47
30 16
46 17
46 59
45 27
53 39
44 63
42 28
23 42
43 21
32 33
11 28
65 32
25 39
48 32
33 33
54 39
37 24
41 18
39 45
35 56
23 42
5 8
15 34
31 37
48 22
72 19
42 34
38 24
34 41
26 23
54 35
60 25
81 3
53 38
12 32
29 23
79 5
44 19
39 54
40 40
10 15
38 52
59 22
26 31
40 18
51 24
73 28
7 17
42 25
58 30
26 25
36 60
39 56
62 40
45 57
48 52
11 18
36 34
75 18
42 61
29 31
37 50
16 29
37 51
61 29
24 31
45 38
47 29
40 68
21 36
31 43
2 11
15 30
34 42
17 22
38 60
9 27
50 48
47 53
44 31
18 36
38 36
9 12
67 25
57 34
36 46
9 17
41 35
51 17
67 30
39 27
41 18
65 23
23 19
39 36
40 36
52 45
40 50
67 27
50 36
26 24
20 27
39 62
44 41
57 36
20 39
78 6
34 30
47 18
17 27
51 16
70 25
57 24
81 10
45 55
47 26
38 35
26 32
33 53
60 21
42 64
50 35
79 10
39 35
37 58
59 32
6 21
35 29
74 16
77 9
21 37
22 31
68 22
42 36
36 18
24 21
51 43
29 43
6 10
52 48
24 36
39 18
37 57
39 63
11 23
45 55
39 23
40 52
79 6
61 34
13 21
50 43
50 26
56 36
24 20
39 29
27 48
53 29
25 40
6 10
14 17
56 22
43 57
42 60
37 55
36 58
15 24
18 38
44 29
23 40
35 19
34 27
40 37
56 40
75 21
6 10
40 21
28 26
70 17
2 6
45 40
67 19
40 55
67 29
14 22
69 30
57 26
44 59
72 29
38 51
40 40
62 30
40 48
28 24
75 19
60 40
66 35
33 18
14 19
46 26
50 49
20 25
53 47
45 45
35 48
35 26
21 26
42 24
78 8
59 33
50 27
45 57
70 31
17 32
41 67
65 20
32 31
21 40
48 51
58 41
