37 12
55 9
9 68
64 45
78 56
31 38
9 55
60 52
56 16
87 68
33 10
0 43
41 9
53 41
55 46
52 48
47 41
86 43
66 43
87 54
56 24
57 54
54 52
17 58
10 41
11 58
98 37
15 38
8 55
64 4
41 7
8 76
56 63
34 9
29 34
55 13
70 8
42 4
20 56
91 58
58 48
40 47
99 34
43 22
69 15
58 39
35 41
4 38
16 69
12 65
90 61
57 13
46 81
12 54
53 73
54 81
25 59
57 69
41 35
50 48
49 76
82 57
64 6
87 73
53 41
8 68
58 61
58 46
56 67
29 57
43 64
49 49
53 43
51 38
57 70
3 37
84 61
90 64
58 21
57 28
42 2
50 37
68 58
84 72
42 7
86 52
62 43
53 80
28 37
15 46
11 60
38 2
86 45
10 73
79 55
57 18
87 53
60 41
84 62
63 15
78 58
21 60
82 78
44 10
58 43
87 37
57 33
2 39
11 66
87 40
51 83
9 71
84 57
89 71
5 52
41 19
58 49
63 14
43 70
10 55
41 31
9 79
43 48
91 78
79 54
3 39
54 28
63 51
49 30
72 35
60 4
18 59
42 20
54 55
65 19
35 41
33 5
83 41
86 60
31 8
27 40
70 47
41 61
49 30
48 25
72 42
43 32
50 40
49 39
15 42
87 70
12 72
51 52
93 49
56 69
64 46
15 68
91 62
16 44
49 76
55 17
8 74
10 51
56 62
88 40
46 47
83 80
53 65
55 25
39 20
73 43
96 45
93 48
20 65
14 70
57 49
54 71
42 13
74 59
41 30
57 13
29 42
46 40
14 72
93 50
13 41
13 42
33 43
46 71
45 76
41 48
91 57
11 41
54 45
56 29
9 64
29 38
18 76
44 2
61 51
10 79
98 35
43 41
28 34
35 43
14 75
15 62
12 73
55 23
56 10
0 43
8 36
78 53
36 56
10 78
100 34
44 45
84 56
43 0
78 45
79 46
19 43
35 3
11 65
54 47
51 60
86 75
67 15
70 15
50 23
39 33
69 42
43 29
2 40
50 39
54 59
70 56
19 46
9 64
45 48
91 76
92 37
55 11
63 14
17 38
51 32
90 62
73 39
97 37
43 45
76 43
57 55
97 40
37 43
84 75
29 53
53 29
32 58
44 58
55 21
33 46
46 48
35 5
87 73
56 60
92 53
37 43
81 70
58 59
51 74
18 63
23 59
47 75
88 49
89 68
13 45
46 52
83 70
49 83
29 42
47 33
58 70
45 78
89 69
53 69
14 51
58 63
55 66
11 69
89 43
33 42
26 54
56 64
44 60
58 60
41 7
87 55
16 64
46 77
91 71
54 28
27 33
71 57
57 16
44 2
13 59
1 36
57 34
58 18
95 38
55 28
29 44
49 52
86 78
25 55
15 47
87 78
46 47
41 25
36 49
25 41
51 34
64 4
13 64
54 34
41 36
61 56
71 53
41 49
61 59
58 46
67 50
48 32
52 28
9 68
56 61
36 38
86 52
76 59
42 11
73 34
19 52
82 62
64 14
48 33
58 65
92 39
33 12
43 10
97 38
60 48
60 34
94 46
88 77
91 68
83 69
78 50
75 56
48 26
81 65
17 56
54 28
42 15
48 39
54 64
19 44
83 66
44 55
57 27
89 70
61 18
48 26
52 75
56 5
44 25
51 27
60 28
17 61
72 40
67 7
14 75
4 35
98 35
46 25
18 70
55 24
85 49
28 53
55 28
8 51
30 48
53 83
11 42
66 38
16 78
65 44
43 49
55 22
9 55
88 45
57 31
57 22
51 73
65 14
72 35
15 71
46 67
41 17
32 42
15 58
11 69
30 10
50 56
93 47
75 54
10 45
58 69
88 65
16 78
58 12
56 24
2 35
96 36
46 44
51 38
26 33
45 69
87 75
60 23
82 41
51 32
44 33
64 51
53 74
35 20
8 48
97 41
54 26
46 29
41 13
15 55
56 60
17 48
48 69
76 45
43 0
35 41
44 53
89 79
58 70
55 50
35 14
89 59
70 11
58 11
75 44
2 44
92 53
83 68
72 49
17 61
64 20
81 69
15 70
88 49
17 41
90 79
82 60
41 35
56 14
43 67
15 40
86 58
51 28
69 53
44 58
82 58
89 62
19 47
42 69
50 53
56 1
55 69
46 43
56 61
64 41
97 40
33 7
82 48
93 37
50 35
15 74
47 83
80 49
41 71
63 3
68 42
82 56
70 42
73 53
17 70
71 36
39 11
85 69
38 52
3 35
38 7
57 39
6 35
41 36
59 60
41 21
12 50
81 75
86 54
59 3
26 36
39 57
92 36
2 39
41 27
33 50
87 68
91 56
76 42
97 34
33 46
51 51
65 41
11 45
27 43
43 69
50 49
12 49
41 37
51 30
49 59
82 48
86 43
53 67
66 15
24 44
57 46
70 36
41 6
11 68
7 48
70 12
25 43
5 49
9 65
81 60
65 9
57 15
56 35
26 35
47 72
39 7
46 49
11 74
63 3
14 54
92 39
52 54
44 43
27 58
16 41
65 42
78 51
80 65
17 69
44 32
57 54
96 45
77 59
33 41
28 33
56 64
35 44
54 75
77 55
86 40
79 48
11 48
66 18
73 54
69 18
70 8
12 52
55 19
52 76
82 55
89 36
56 61
65 5
42 67
55 43
13 71
91 69
93 47
31 41
83 75
55 30
45 55
57 31
45 71
64 58
51 53
86 66
18 60
55 66
57 4
76 55
69 7
18 74
48 69
33 43
42 70
17 67
15 47
98 38
97 39
44 15
36 49
54 38
79 43
41 20
55 48
10 55
20 63
43 26
60 52
12 71
8 38
30 17
58 15
63 41
58 53
2 41
28 34
53 42
90 77
10 55
16 79
55 44
63 4
36 51
10 47
50 74
20 56
88 49
18 59
73 32
3 40
86 49
3 36
59 48
90 71
55 53
91 76
45 37
86 42
33 41
34 46
46 76
86 75
90 61
62 4
1 36
49 50
57 17
84 41
64 14
89 41
84 68
46 64
41 61
80 43
41 10
50 48
47 51
60 28
8 46
11 72
38 47
20 54
64 43
90 69
90 73
66 10
13 61
55 48
53 80
20 53
90 63
96 45
17 68
8 74
31 39
6 36
50 75
37 45
8 76
87 74
88 80
57 9
50 50
27 35
46 76
82 59
78 58
52 27
49 26
89 48
38 55
31 6
33 38
13 47
32 38
41 45
43 13
9 37
90 59
17 39
62 11
47 75
62 56
27 37
56 26
10 37
33 10
53 35
12 36
30 53
35 14
43 38
45 36
51 39
41 13
86 37
66 5
58 12
66 17
95 38
86 37
79 51
10 58
86 41
54 82
44 35
57 36
98 34
47 51
35 38
36 4
33 45
12 73
89 41
58 44
35 42
69 58
38 2
19 66
59 1
63 12
21 61
73 43
56 32
43 0
58 0
67 43
5 48
42 68
76 55
10 48
95 49
21 61
22 61
41 52
54 57
20 53
48 40
57 59
91 74
39 2
29 41
91 75
27 53
8 63
97 38
97 39
57 2
86 72
91 50
89 56
64 18
49 49
64 15
17 57
26 42
80 46
57 53
41 47
32 50
55 16
58 27
48 52
51 77
34 19
4 38
86 72
57 19
27 35
17 40
46 66
48 53
56 29
4 44
44 18
57 29
46 52
49 78
87 66
9 63
45 35
84 36
52 52
56 30
84 43
18 69
84 55
44 47
39 47
19 46
36 9
40 62
56 18
94 38
9 65
44 35
94 49
20 52
41 63
17 70
56 34
11 80
56 55
56 17
27 58
67 55
58 33
44 53
54 48
89 51
45 40
71 33
45 47
80 65
57 7
14 49
24 59
18 73
57 55
5 51
17 67
35 13
75 45
55 58
88 48
18 75
36 12
13 80
50 80
33 46
56 26
49 40
44 54
82 40
96 39
37 55
20 55
38 4
66 17
75 54
1 34
72 58
91 77
65 46
54 25
36 59
53 61
80 44
36 38
66 19
56 67
45 38
43 28
5 44
29 43
39 35
17 50
57 41
45 44
40 69
72 38
72 36
43 24
26 35
63 17
78 45
63 38
53 49
71 58
82 62
41 6
57 45
8 57
20 55
44 47
50 55
58 5
17 66
32 53
79 56
69 42
88 66
9 64
86 44
48 56
50 83
57 30
64 20
14 70
90 55
79 46
93 47
20 48
76 57
48 76
19 46
38 49
70 57
41 53
66 50
44 13
41 28
55 14
60 56
68 17
15 78
37 44
58 71
21 60
54 27
56 31
12 71
46 76
18 69
87 36
52 58
18 76
57 22
19 56
24 45
63 45
68 17
95 41
91 59
4 37
88 69
89 80
16 65
67 56
82 41
87 68
84 66
83 65
45 36
41 53
32 42
89 59
44 19
56 69
36 14
12 64
86 81
47 27
44 1
44 61
46 65
54 48
86 64
35 51
91 70
41 0
20 62
73 43
35 59
35 8
51 33
